(lp0
cnumpy.core.multiarray
_reconstruct
p1
(cnumpy
ndarray
p2
(I0
tp3
S'b'
p4
tp5
Rp6
(I1
(I17
tp7
cnumpy
dtype
p8
(S'f8'
p9
I0
I1
tp10
Rp11
(I3
S'<'
p12
NNNI-1
I-1
I0
tp13
bI00
S"\x10-\xb2\x9d\xef'\x0f\xc0~\xc5\xa7\xc3\xb4:\xf5?m\xac~\xaa\x198\x85?r\xe7\x04D\xf3\xbe\xe6\xbf\x88L\x9e\xa3o\xe9\xef\xbf\xbd9\xd3\xb9\xdfG\xe6\xbf\xa4\xdd\x7f\xa8W\x9d\x0f\xc0\xc5\xe9\xfdI\xf3\x8b\x10@E\xf3;\xc9-X\xde?.\x04B\t86\xd8\xbf\xc1[~\x1a\xd6\xfa\x01@o\xe6\xe4'\xd0E\xc1\xbf&}\xc4%\x1d\x1e\xae?8\xf0 \x9en~\xc1\xbf&\xaf\x01\x1e\x0cy\x00@\xda;\x1e\xe9\xc2\xc6\xfe\xbf\xe1\x918\xe6\xcd\xc5\x90?"
p14
tp15
bag1
(g2
(I0
tp16
g4
tp17
Rp18
(I1
(I17
tp19
g11
I00
S'433333\x08\xc09\x1bC|7 \xe1?\xf8\xf8_I\x1a%\xf9\xbf\xd7\x08\xa3W\xd8\x93\xd3?\x88\x04U\xc9\x1eJ\xf7?\xa5At6T\xa4\xdb\xbf]\xbc\n\x86\xf9^\xef?\xe3\x8d\x08L\xfb<\xe7\xbfV\xa8^|\xa6\xd6\xe8\xbfR\xff \xcc\xcc\xa0\xd6?(\xb9\x82)\xa7\x82\xf6\xbf\xe6L3T\xfav\xd9\xbf)(T:\xcf!\xfa?\x9eM\x8e\x1c\x98]\xf6\xbfO\x81\x07\x87\x903\xdb\xbf\x14-1ih\xd0\xf0?\xc7\xab\x03\x11\xc3\xed\xfa\xbf'
p20
tp21
bag1
(g2
(I0
tp22
g4
tp23
Rp24
(I1
(I17
tp25
g11
I00
S'\xa6\x1a/\xdd$\x06\xff\xbf\x84@\xf9$\xa5@\xd1?\xd4A\xb5^_\xad\xe6?\x8e\xab\xafo\xa6\xd0\xdd?\xe8\x01\xf4\xe4b\x88\xd0?\x82\xc9\xb4\xbc\xc6\x8c\xd0\xbf\xb9<\xa5\xb8\xe7\x13\xf9?8\x89O\xebJ,\xdf\xbf{/\x18\xfe\x01\x92\x02@\xc8\xdf\x94\xd8\x06\xeb\x0e@\x8b\xbf%\xb9)#\x06\xc0B\x8a-\xc0\x1b\xbb\xea?\xf6\xef\x82N)\x9b\xed\xbf(\x03\x81u\xec\x15\xf0?\xee\xddbP6\x8d\xeb?22k\xa8\x9f\x17\xe1?dl\xa4\xb6\x1e\xdf\xe1?'
p26
tp27
bag1
(g2
(I0
tp28
g4
tp29
Rp30
(I1
(I17
tp31
g11
I00
S'\xcc\xa1E\xb6\xf3}\r\xc0kw{}\x9eP\xe3?\xa2\x1feiL\x8d\xd8?D\xc1ACK\xb7\xf3?s\xd7\xdc\xff7\xba\xf9?\x9a\xa1\xdcD\x9ai\xad\xbf= G\xe5\xb9\xed\xe0\xbf\x90GT\xb3*\xe9\xa6?C\xa5\xcb\x8b\xe1\xac\xec?\xccP=\xfa\xa8\x84\xdf?+\xfe\xd1S\xbe\xed\xf6?8\xb6\x94\xc8\x8cW\x90\xbfy`\xf7K\xfbB\xf7\xbfNe\xd1\x80\xe9\xf8\xf3? \x12\x8e\xdd.\xc9\xa9\xbf\xac\x84\xbeY"\xb6\xe2\xbf!\x9d\xcf\x16\x96c\xd0?'
p32
tp33
bag1
(g2
(I0
tp34
g4
tp35
Rp36
(I1
(I17
tp37
g11
I00
S"\xdeO\x8d\x97n\x92\x06\xc0X#&,\x1a8\xe4\xbf\x9bM\x04\xc0d\xe2\xeb\xbf\xb0\x8e\x130\xfe\xd9\x90?#\x95\xe2\xa3\xf8B\xe1?Z\r0\n\xba\xb1\xd9?p+\x15p\xa9\x8c\xcd?_X\x97\xbd\xe6\xf9\xe3\xbf\xf2\xb6HVUZ\xb3?P\xb0\xa2\x80\x99\xa1\xbe\xbf=\xa0\xf2\x96H\xb5\xd9?\xad\xd0\x8f\x14\xfe=\xb2?\xf5{\xfam'h\xc7?\xed\xedl\xff2.\xba?t\xfb\xc0\xcfd\xb1\xb0\xbf8\xa0\xe2!T\xdd\xe2\xbf\x8d\x00\xc9\x92>\x9b\xf2?"
p38
tp39
ba.