(lp0
cnumpy.core.multiarray
_reconstruct
p1
(cnumpy
ndarray
p2
(I0
tp3
S'b'
p4
tp5
Rp6
(I1
(I17
tp7
cnumpy
dtype
p8
(S'f8'
p9
I0
I1
tp10
Rp11
(I3
S'<'
p12
NNNI-1
I-1
I0
tp13
bI00
S'\x1d\t4\xd8\xd4y\xe3\xbfL\xc5\xdf\xabbd\xbd?8\\\xf5\x1f1x\xba?\xca\xadRjr\xb4\xab\xbf\xdb\xae\xeb\x97\xcc\xd3\xc1\xbf\xe6\xd6\xfa\x88c!\x9e?\xb7\x07\xf7!wE\xe0\xbf\xd2M4\x9f8f\xe3?Km\xfb\xda\x13\xa0\x9f\xbfwP\xcf\x0ct\xb3\xc4\xbf\x0c"\xd0\xbf\xa7\xde\xcc?\xef\xba"\x91}V\x89\xbf\xa1\n\xecc`\xc3\xa0\xbf\xae\xb5h^&3m?\xe1,\x00\x1ah\xaf\xd9?\xce\xf5\xf8)-\x94\xd2\xbf9 \xbdd\xf6\xb5\xb2\xbf'
p14
tp15
bag1
(g2
(I0
tp16
g4
tp17
Rp18
(I1
(I17
tp19
g11
I00
S'\x0b\x832\x8d&\x97\xe9\xbf\xc0+\xd5\x7f)\xa3\xb4?\x1aY\xe4\\!\n\x9f\xbf\xba\x9b\xa2\xddt<\xaa?\xb7\xf84/\xe5"\xb9?\x0b\xc5\xfe\xb0\x0e\x01p?h\xb9\xbc`2B\xd0?\xca\x81\xd8\x9b\xe8\x04\xc0\xbf\x97\x7frb`\x11\xcb\xbf\xbf\xf0\xb25\x12B\xc4\xbf\x04\xc0 [\xb1 \xc9\xbf\x900&\xaah`\xbc\xbf\x0b?\xf9\xfb\xd1\xf9\xd1?\xb1Tt`\x9f\x8f\xbe\xbfW\xf7\x1b\xd3\x97\xbf\xb9\xbf\x7fr\xec!(\x9c\xc6?\xcf[U6\x07\xc0\xda\xbf'
p20
tp21
bag1
(g2
(I0
tp22
g4
tp23
Rp24
(I1
(I17
tp25
g11
I00
S'\x00\xd3\xa2>\xc9\x9d\xe3\xbf%%\xd5I\xa8\xf3\xc7\xbf"\x00\x82\xc0G\x88\xa6?\x8cs\x916\xd6N\xb9\xbf\'L7Q\xd0E\xc7\xbf\x10\xd5\x8e\x908\xc6\xb1\xbf\xe4\xa5\xa1\xd9^\xb2\xca?r\xad\xe0qt(\xcd\xbf\x06\xff|\x1f\x10\xd0\xd1?\x8b\x92\xd5\xa6{\xc1\xd8?\xe0\xa6\xf8\x8e\xfb\xd1\xaa\xbf\xd8\x9d\xd4U\x14\x02\xc9?5\xf4\xb7E\xe7\xf7\xb0\xbf\x15w\xe7eJ\xde\xad?\xa2@\xf1Q\xbdG\x93\xbfk|[\xe0\x8a\x0c\xca?2\xb7\xdc\x08X\x8e\xb3?'
p26
tp27
bag1
(g2
(I0
tp28
g4
tp29
Rp30
(I1
(I17
tp31
g11
I00
S'\x16l#\x9e\xecf\xf2\xbf\xd0s`u\x8a\x02\x91\xbf\x1a\xc6I\xa48\xea}\xbf\x8f\xfb\x02\xb3\xc4\xa4\x96?\xa9\xb5\x1f\xd0\x04\xad\xa2?\xc5m0\x96\xe9r\x96?\x12\xfd5\xe8\xfd!\x98\xbfpv\x92\x9ab\x8b\xaa\xbf\xbf\xc2\xe3\xe5\xbf\xb8`\xbf\xcb\xd9\xbf\x96\x8aO\x92\xbfP\xe0\xb3\xbf\xb1z\xa0?ol\xaa(Z\x1c\xab\xbf\xe7\x16M\x96(\x90\xc5\xbf\x01\x08\xd7j\x85*\xa4?\x94\x80\xd2\x11\x1c\xb6\xb5\xbf\xfe(L\xfdS!\x88\xbfX\xa4\xf5\xfc\xaf7\x9e?'
p32
tp33
bag1
(g2
(I0
tp34
g4
tp35
Rp36
(I1
(I17
tp37
g11
I00
S'\x15\x1f\x9f\x90\x9d7\xf2\xbfG\xb1\x17\xfd\t\xc8\xb3\xbf\xe0=e\xc7\xfdx\x9e\xbf"\x18\xe1b\xdb\x1b\\?\xf0j\'\xaff\x10\x92?A\x02b\xf5w\n\xa2?\x92\xba\x87&[\x95\x9b\xbf\xea1\xe8u\x95)\xa3\xbf\xd8\xdf\x8c3V\x11\x80?\xf3\x9b\xecr\xbd\x84\x8f\xbf\x9fKn\x8c\xb2J\xa3?ks\xe8dv\'v?x:b\x9e\x9a\xe2\x9b?\x81.\xe8\xf5\xe4\xd5\x8a?\x15\xe4\xf7\x8d\xe6\x92\xa6\xbf\x18\xc4B\xdc\x90\xab\xae\xbf\xd1D\xf4\xe7\x14\xa1\xc3?'
p38
tp39
ba.