(lp0
cnumpy.core.multiarray
_reconstruct
p1
(cnumpy
ndarray
p2
(I0
tp3
S'b'
p4
tp5
Rp6
(I1
(I17
tp7
cnumpy
dtype
p8
(S'f8'
p9
I0
I1
tp10
Rp11
(I3
S'<'
p12
NNNI-1
I-1
I0
tp13
bI00
S'\x12\x12\x0eh\x0b\xfb\xf8\xbf\xd8\x93^\xf9\x812\xd7?\xd6Db\x04Zc\xd7?\xfb\x94B\xb8\xb4\x8d\xc6\xbf\x04\xcdw&\x824\xde\xbf\xff?\xd8\x16D\xb0\xb0?\x03B%\xb4\xc6\xc0\xf5\xbf\x8f\xacSA\x14\xf3\xf9?,\xf9z\xb1&Fs?\xcf(\x00\x04\xdd&\xd9\xbf\x8d\xb0O\xe3\xd4a\xec?\x0e\xcd\xf4\x1a|\xbd\xa6\xbfh\x06\x994\xbb[\xa9\xbfd\xe0\xb8\xdf\x05\xf2\x80\xbf\xd4\xe0\xfc\xa2*N\xde?\x98\xc3\x1c\x1a+\xe8\xe2\xbf\xa2T)\xbfY3\x98?'
p14
tp15
bag1
(g2
(I0
tp16
g4
tp17
Rp18
(I1
(I17
tp19
g11
I00
S'\\\xe2\x88\x14\x0e\xd8\xf2\xbf\x10A\xce\xee\x8f&\xec?{\xb0fn\x18\x02\xe5\xbf\x9d\xefb\xdd\x8eu\xbd?5\xb4\x8c\xbc:\xcb\xe3?\xc8\x049\x92(\xb0\xd2\xbf\xda\xe2#\x86m\x88\xe1?\xc7\x01\x89\xb9\xfbl\xe5\xbf6n\xe4\xbb\xe8S\xe2\xbf:\x04L\x10\xe6\xfb\x95?\xbcn\xba\xe9e\xe1\xe7\xbf\xb2\xc6\x17\xfc\x17\x99\xc0\xbf\xa1\xfaxT\xa0\n\xe0?3\x1d\xa2\x86\xd5\x86\xd9\xbf\xa2\x1fF\xf00\x04\xe6\xbf3\x95\xce\xd2.\x05\xe0?\x05\xda<\xa4\xd1 \xea\xbf'
p20
tp21
bag1
(g2
(I0
tp22
g4
tp23
Rp24
(I1
(I17
tp25
g11
I00
S"d\x81A\xbc\xf4m\xd9\xbf\xe3\x96\xfb/\xe7\xb9\xd9\xbf7\x127X\x85\xa7\xd6\xbfE\xfcXq\xf1d\xb6\xbf\xed}\xf7|2\xd4\xb2?r\xaa\xce\xd81\xb1\xf0\xbf\xdc\xf0j\x1f\x89\xa6\xfa?\x12\xd7;\xab^9\xf0\xbf\xc5\x8b\x96\x16\xa7N\xe5?\x9cF\x97'!Q\xf2?\x83\xe6\x16'\xb8\x96\xe1\xbfS\x95\x0c\x9b\x9a\x8b\xd4?.\xfc\x97\xf5f\xb7\xc1\xbf\nT\xf1\xaf\\\xb7\xcd?\xed0M\xfd1\x13\xe5\xbf\xd8\xb9\xc4\xe3\xc1\xcc\xef?g\x0b\xce\x94\r\x94\xe2?"
p26
tp27
bag1
(g2
(I0
tp28
g4
tp29
Rp30
(I1
(I17
tp31
g11
I00
S'\xa4\xaf4y\xa3\xca\x02\xc0\x0e\xf8?\xc2kB\xb0\xbf\xb8\x89\xb8S\xaeb\xd6\xbfp\x03H\xd4\x06\xe6\xcc\xbf\x0c\'\xdcc\xa1E\xbe\xbf\x16\x07\xe8\xf6B\xf0\xb3\xbf\xb6\xaet\xcd\xbc\x8d\xb5\xbf\xc42\xfc)\xa8\xb4\xee\xbf|\xd3(\x8b\xa0\xf5\xdc\xbf\\=k=@9\xe6\xbf 4\xa8t\x84\x15\xc3?0\xc1Ss\xe4\n\x8c\xbf\xe5i\x99"4\xef\xf8\xbf\xb2\x8an\xd7\x11&\xf2?.\xd1\xcfBv\x13\xed\xbf\x0bc\x809l\xb8\xc7\xbf\xb0v\xbf?\x9en\xce?'
p32
tp33
bag1
(g2
(I0
tp34
g4
tp35
Rp36
(I1
(I17
tp37
g11
I00
S'9>\xf7\x15\x01\xa0\x03\xc0->1!q>\xdb\xbf\xcci\x8e\x8cH_\xd2\xbf\xc1\x18\xe0x\x17\xb6\xbd?2\x85\xba()6\xd5?&\x9ab\xfc`\xad\xe6?n\x92\x0e\x93\xf6\xc4\xb1?:s\xc2p\xe8t\xe1\xbfg\x81THN\x8a\xba\xbfzv\xf3\xcc\xfe\xa9\xd2\xbf\x86a\xac\x10\xd8\xf9\xd0?\t\x1a\xdc^\xaf\xa5\xa4?\x80\x1f\xefP\xb9;\xa7\xbf+\x9e\xbeY\x7f\x96\xd4?d\x01h\xbc\xf5\xad\xd9\xbf\xa3\xf5kVa|\xd8\xbf^Z/\x85\x17P\xf5?'
p38
tp39
ba.