(lp0
cnumpy.core.multiarray
_reconstruct
p1
(cnumpy
ndarray
p2
(I0
tp3
S'b'
p4
tp5
Rp6
(I1
(I17
tp7
cnumpy
dtype
p8
(S'f8'
p9
I0
I1
tp10
Rp11
(I3
S'<'
p12
NNNI-1
I-1
I0
tp13
bI00
S"\x1e\x1dW#\xbb\x12\xf1\xbf\xf7Wb\xbeK\xb2\xd8?\xdd\xd8E);V\xc0?\x1b6\x1cGkv\xbe\xbf\x1eO\xbb\xdeB{\xce\xbf\xb8;\xb0\xees>\xaa\xbf\r$-\x05w\xfb\xef\xbf\xe9\xc2'\xc5\xa5\x04\xf7?F\x8e7\xce\xe6)\xc5\xbf\x93\tX\x06F}\xdb\xbf\xebl\x88\xfb\xa4\x95\xed?V\xde~<\x99\x12\xc2\xbf\xb6\x9c\xd0\xef\xca\x90\xcc?5\x97J\xe6\x0c\xe6\xc6\xbf.\xaf>e\xa6\x19\xd1?\x0bg\x96bE\xd5\xbe\xbf\x17G\xee*$c\x96\xbf"
p14
tp15
bag1
(g2
(I0
tp16
g4
tp17
Rp18
(I1
(I17
tp19
g11
I00
S'\xb2\xb5\xf7\xa9*4\xf3\xbf\xa2"?\xa5c\x93\xc5?\x00\xb6\x10\x04\x8a\xe8\xe0\xbfH3\xd0\xc5C\xed\xb8?:p\x96\xd5b\xc5\xde?\xf0+x\x0f{G\xc9\xbf\x1a\xec\xf8Mv\xb1\xd6?\x91\xdc\xa8G6\n\xbc\xbf\xd6\xd6)\xf5\x884\xce\xbf%\x16LO\xa7\xb8\xad?\x96\xdcn\xcf\x8a|\xd5\xbf\xedp\xe0Y\r)\xd4\xbf\xa3\rh\x89\xfd\xab\xec?z!\x90\xff\xc9\xf0\xe0\xbf\x98\xa7\xeb\xba\xe6\xe6\xcd\xbfO\xce\xaa\r\xecw\xdd?)\tva\xa5\xcf\xea\xbf'
p20
tp21
bag1
(g2
(I0
tp22
g4
tp23
Rp24
(I1
(I17
tp25
g11
I00
S'r\xeb5=(\xa8\xe6\xbfqP\xd3\xf3\xa6\xff\xbe\xbf\x9e\xc8f\xd1\xef\xad\xd2?a\x8b\x8fI\xda$\xc4\xbf\xa7<\x07-\xc6\xde\xda\xbf\xcc\xa4*2\xf07\xce\xbf\xd6c\x9dj?\x7f\xde?\x93v\x0e|\x1b\x87\xb8?\xe689\x9c\xc4\x0c\xe8?x\xf5 \xeb\n\xb7\xf6?\xd36\x84\x13\x93\x9e\xf6\xbf}"\xa1\xf8\x1dl\xd6?\xe2%J\xb3\x9b\xcb\xd9\xbfB\xcaj2Ze\xc8?f\xbeT\xdd(\x85\xd8?\xae\xdcr\x90K\xc5\xd7?`\x91\xa9\xaf\xd9\xf0\xc8?'
p26
tp27
bag1
(g2
(I0
tp28
g4
tp29
Rp30
(I1
(I17
tp31
g11
I00
S'-g(\xeex\xd3\xf2\xbf\xce\xe2\x1bF}O\x81\xbf\xd3\x0bdn4\xe2\x9e\xbf^\xb2}0U\xb0\x97?2\xd9@\x9b:\xee\xaa?\xde\xab\x07\x1c|m\xa2?\xe25\xe4\xf0D\xd4\xa2\xbff\xc8\x15\x95\xd3\xb6\xb6\xbf\x8aam\xf6\x1cB\x82\xbf\xbd@\xc6\xca\xe8%\xbc\xbf\x00?\x0f\x03\xb5\x87\xc0?\toAH\x98\xbb\x9b\xbf@\xf4\x127\x07-\xd2\xbf#\x97\x0f0\x7fQ\xc4?\xb2cFk\x15\xa9\xbc\xbf\xc0`&|j\x9c\xa8\xbf\xc6\x10\xfcg\xfa\x80\x99?'
p32
tp33
bag1
(g2
(I0
tp34
g4
tp35
Rp36
(I1
(I17
tp37
g11
I00
S'8\x11\xfd\xda\xfa)\xf6\xbf\x11D\xe2\xfc@.\xd1\xbf)\xf7\xd1\x8e\xc2\xf0\xcb\xbf6\x11Z*\x0fX\x85?\x15\x13\xe5\xc3\xb7\xdb\xc1?\x19e\xad\x8e}\xec\xb5?9\x16\xeb\xce\xb1_\x99\xbf\xcc\x87\xdd\xf50Y\xc7\xbfY\x06\xad\xa6\xb4\x9b\x9a?\x81\x8a\xbb\xfdZ4\xc0\xbf1\x81\xb20\xa9U\xca?\x8e\x99\xce}\xfaaR?\xd9\x04r\xfc\x15\xb7\xbf?\x08\xb7\xaf\x16\x02*\x83\xbf{\x95\x10\xa4\x10\x86\xa7\xbf^\x0bN\xfd\x1c\x15\xc6\xbf\xa6$Z3\x0e\xce\xda?'
p38
tp39
ba.